您的排便颜色经常是黑色褐色（咖啡色）:[1,1,1,1,1,0,0,0,1,0,0,1]
您经常胃酸过多或胃痛（胃食道逆流）:[1,0,0,1,1,0,0,1,1,1,0,1]
您经常腹泻或消化不良:[1,1,1,1,1,0,0,0,1,0,0,1]
您常有胃胀气的现象:[1,0,1,1,0,0,0,1,1,0,0,1]
您平时容易手脚冰冷:[1,0,1,1,1,1,0,1,0,0,1,1]
您有贫血现象（易晕眩、体力差）:[1,0,1,1,1,0,0,1,0,0,0,1]
您进场头痛:[0,1,0,1,1,1,0,1,0,0,1,1]
您很容易紧张或工作压力大:[1,1,1,1,0,0,0,1,0,0,0,1]
您很容易健忘或集中力有衰退现象:[0,0,0,0,0,1,0,1,0,0,1,1]
您经常有抽筋的现象（手、步）:[0,0,0,0,0,1,0,1,0,0,0,0]
您容易晕车或晕船:[1,0,1,0,0,0,0,0,0,1,0,0]
您在夜间视觉常觉得较差或怕光:[1,1,0,1,1,0,0,1,0,1,0,1]
您容易失眠或睡不着（多梦、易醒）:[0,0,1,1,1,0,0,1,0,1,0,1]
您常有筋骨酸痛的现象:[1,0,0,1,0,0,0,1,0,0,0,1]
您经常感冒（病态时间久）:[1,1,1,1,0,0,0,0,1,1,0,1]
您常常感觉到倦怠或精神不济:[1,0,1,1,1,0,0,1,1,0,1,1]
您经常血压偏高或血脂肪过高:[1,0,1,1,1,1,1,1,1,1,1,0]
您的鼻子或皮肤有过敏现象（红肿或发痒）:[1,1,1,1,1,1,1,0,1,1,0,1]
您的尿酸过高或有痛风现象:[0,1,1,1,1,0,0,1,0,1,0,1]
您的血糖过高或有糖尿病症状:[1,1,1,1,1,1,1,1,0,1,1,1]
您的体重有过重现象:[1,0,0,1,0,1,1,1,1,0,1,1]
您的背上有很多痘痘:[0,1,1,1,1,1,1,0,1,0,1,1]
您经常对某些食物或保养品有过敏现象:[1,1,1,1,1,1,1,0,1,1,0,1]
您有黑斑、雀斑、或身体有不明的斑点:[1,1,1,1,1,1,1,0,1,0,0,1]
您经常口干舌燥、嘴唇干裂或嘴角破裂:[0,0,1,1,1,0,0,0,0,0,0,0]
您有青春痘或粉刺:[1,1,1,1,1,1,1,0,0,0,0,1]
您有气喘的毛病:[0,1,1,1,1,0,0,0,0,1,0,1]
您的眼睛常常感觉疲劳、干涩或刺痛:[1,1,1,1,1,0,0,0,0,0,1,0]
您常干咳:[1,1,1,1,1,1,0,0,0,1,0,1]
您的生理期会感到疼痛（下腹部）:[1,0,1,0,1,1,0,1,1,1,1,1]
您的头发枯黄、易分岔断裂:[1,0,1,1,0,1,0,0,0,0,0,1]
您的指甲有白斑、条纹或容易断裂:[1,1,0,1,1,0,0,0,0,0,0,1]
您经常情绪不佳、暴躁、沮丧或忧郁:[0,0,1,1,0,0,0,1,0,0,0,1]
您身上容易有淤血:[1,0,0,1,0,0,0,1,0,0,0,1]
您的伤口不易愈合（大、小伤口）:[1,1,0,1,1,0,0,0,0,0,0,1]
您的头皮屑过多、经常头皮痒:[1,1,1,0,0,0,0,1,0,0,0,1]
您的牙龈容易出血:[1,0,1,1,0,0,0,1,0,0,0,1]
您经常熬夜导致睡眠不足（睡眠少于6小时）:[1,0,1,1,0,0,0,0,1,1,0,1]
您经常容易赖床或起不来:[1,1,1,1,1,1,0,0,0,0,1,1]
您没有每天定时排便或排便不顺畅:[1,0,1,1,0,0,1,1,1,0,0,1]
您经常吃速食、零食、泡面等食物（三餐）:[1,0,1,1,0,0,1,0,1,0,1,1]
您每天吃蔬菜、水果少于两次:[0,1,1,1,0,0,1,1,1,0,0,1]
您经常节食以减轻体重:[1,1,1,1,1,1,1,1,1,1,1,1]
您经常三餐不足或不定时用餐:[1,1,1,1,1,1,1,1,1,1,1,1]
您经常吃宵夜:[0,0,1,1,0,1,1,1,1,1,1,1]
你爱吃油炸食物:[1,0,1,1,1,1,1,0,1,1,1,1]
您经常喝酒（应酬）抽烟或嚼槟榔的习惯:[1,1,1,1,1,1,0,1,1,1,1,1]
您经常打针、吃药（含中、西药及补品）:[1,0,1,1,1,0,0,0,1,0,1,1]
您不爱吃红萝卜:[0,1,0,0,0,0,0,0,0,0,0,1]
您经常没有吃早餐（或是早午餐当一餐）:[1,1,1,1,1,1,1,1,1,1,1,1]
您没有每天喝牛奶或羊奶:[1,0,1,0,0,0,0,1,1,0,0,1]
您现在已经怀孕或在哺乳:[1,1,1,1,1,1,1,1,1,1,1,1]
您现在是长期吃素（蛋奶、全素者）:[1,0,1,0,0,1,0,1,1,0,0,1]
